MEANS_RAW = [1.3469915501165501, 164.40264423076923, 74.13065559440558, 126.63049970862471, 81.30681818181819, 1.3662951631701632, 1.2263621794871795, 0.08784965034965035, 0.05279356060606061, 0.8041775932400932, 53.3058092948718, 27.473923732517484, 96.41471202408702]
SCALES_RAW = [0.4760130400149389, 7.9632998879827275, 14.296154980180527, 16.621713947313875, 9.452913156734295, 0.6806829734278657, 0.5727634321826067, 0.28307611923843834, 0.22362110938950916, 0.3968324479810898, 6.76348549681397, 5.311331335518756, 11.028012433168636]
